structure S:V{
Umpire={1..3}
Distance={
1,1,0; 1,2,380; 1,3,1020; 1,4,257; 1,5,665; 1,6,80; 
2,1,380; 2,2,0; 2,3,1380; 2,4,408; 2,5,929; 2,6,337; 
3,1,1020; 3,2,1380; 3,3,0; 3,4,1010; 3,5,605; 3,6,1090; 
4,1,257; 4,2,408; 4,3,1010; 4,4,0; 4,5,521; 4,6,315; 
5,1,665; 5,2,929; 5,3,605; 5,4,521; 5,5,0; 5,6,745; 
6,1,80; 6,2,337; 6,3,1090; 6,4,315; 6,5,745; 6,6,0; 
}
GetRound={1,1; 2,1; 3,1; 4,2; 5,2; 6,2; 7,3; 8,3; 9,3; 10,4; 11,4; 12,4; 13,5; 14,5; 15,5; 16,6; 17,6; 18,6; 19,7; 20,7; 21,7; 22,8; 23,8; 24,8; 25,9; 26,9; 27,9; 28,10; 29,10; 30,10; }
HomeTeam={1,1; 2,4; 3,6; 4,1; 5,3; 6,6; 7,1; 8,3; 9,5; 10,2; 11,3; 12,5; 13,2; 14,4; 15,6; 16,3; 17,4; 18,6; 19,1; 20,4; 21,6; 22,1; 23,2; 24,5; 25,2; 26,3; 27,5; 28,2; 29,4; 30,5; }
AwayTeam={1,5; 2,3; 3,2; 4,2; 5,5; 6,4; 7,6; 8,4; 9,2; 10,4; 11,1; 12,6; 13,5; 14,1; 15,3; 16,2; 17,5; 18,1; 19,3; 20,2; 21,5; 22,4; 23,6; 24,3; 25,1; 26,6; 27,4; 28,3; 29,6; 30,1; }
ConsecutiveHomes={1;2}
ConsecutiveTeams={}
}